minusZ : 
- lower_bound:    [-0.382701, 0.369887, 0.392332]
  upper_bound:    [-0.154269, 0.369887, 0.392332]
  orientation:    [0.999296, 3.40748e-08, -1.27937e-09, -0.0375194]
  distance:       0.228432

plusZ :
- lower_bound:    [-0.382701, 0.370637, 0.38236]
  upper_bound:    [-0.154269, 0.370637, 0.38236]
  orientation:    [0.0375157, 1.27924e-09, 3.40748e-08, 0.999296]
  distance:       0.228432

minusY :
- lower_bound:    [-0.0152238, 0.375248, 0.387721]
  upper_bound:    [-0.382701, 0.375248, 0.387721]
  orientation:    [-2.49991e-08, 0.733137, -0.680081, 2.31899e-08]
  distance:       0.367477
- lower_bound:    [-0.382701, 0.375248, 0.387721]
  upper_bound:    [-0.0152238, 0.375248, 0.387721]
  orientation:    [0.733139, 2.49991e-08, 2.31898e-08, 0.680079]
  distance:       0.367477