plusY :
- lower_bound:    [-0.475953, -0.0144742, 0.322817]
  upper_bound:    [-0.565471, -0.0287972, 0.32174]
  orientation:    [-0.0582586, 0.67793, 0.730819, -0.0540427]
  distance:       0.0906624

minusY :
- lower_bound:    [-0.516487, -0.00955385, 0.323187]
  upper_bound:    [-0.565295, -0.0181386, 0.322541]
  orientation:    [-0.0592921, 0.730342, -0.677495, 0.0639171]
  distance:       0.0495616