plusZ :
- lower_bound:    [-0.00529194, 0.370637, 0.38236]
  upper_bound:    [-0.10461, 0.370637, 0.38236]
  orientation:    [1.27922e-09, -0.0375151, 0.999296, -3.40748e-08]
  distance:       0.0993182

minusZ:
- lower_bound:    [-0.0152238, 0.369887, 0.392332]
  upper_bound:    [-0.10461, 0.369887, 0.392332]
  orientation:    [-3.40748e-08, 0.999296, 0.0375157, -1.27924e-09]
  distance:       0.0893864
  
- lower_bound:    [-0.07677, 0.369919, 0.3919]
  upper_bound:    [-0.0154512, 0.369891, 0.39227]
  orientation:    [0.999292, -0.000113495, 0.0030233, -0.0375136]
  distance:       0.0613199