plusY :
- lower_bound:    [-0.193378, -0.0228724, 0.322186]
  upper_bound:    [-0.0136051, -0.0363789, 0.32117]
  orientation:    [-0.679601, 0.0275595, -0.0255652, 0.732619]
  distance:       0.180283

minusZ :
- lower_bound:    [-0.00573411, -0.0344193, 0.326833]
  upper_bound:    [-0.106436, -0.0253244, 0.327517]
  orientation:    [0.0526659, 0.997907, 0.037463, -0.00197711]
  distance:       0.101114

