minusZ :
- lower_bound:    [-0.374973, -0.00106272, 0.329341]
  upper_bound:    [-0.164079, -0.0201112, 0.327909]
  orientation:    [0.99859, -0.0375648, -0.00141022, -0.0374893]
  distance:       0.211758

plusY:
- lower_bound:    [-0.365493, -0.00994142, 0.323158]
  upper_bound:    [-0.193378, -0.0228725, 0.322186]
  orientation:    [-0.6796, 0.0275595, -0.0255652, 0.73262]
  distance:       0.172603
- lower_bound:    [-0.0136717, -0.0363738, 0.32117]
  upper_bound:    [-0.365564, -0.0099361, 0.323158]
  orientation:    [0.0275595, 0.679601, 0.732618, 0.0255652]
  distance:       0.352889