minusY :
- lower_bound:    [-0.61351, -0.0266192, 0.321904]
  upper_bound:    [-0.795701, -0.0586644, 0.319494]
  orientation:    [-0.059292, 0.730345, -0.677492, 0.0639174]
  distance:       0.17
  
plusY :
- lower_bound:    [-0.816816, -0.0690129, 0.318716]
  upper_bound:    [-0.629225, -0.0389981, 0.320973]
  orientation:    [-0.677932, -0.0582586, 0.0540427, 0.730817]
  distance:       0.18

minusZ :
- lower_bound:    [-0.923927, -0.0840992, 0.323097]
  upper_bound:    [-0.476896, -0.00902704, 0.328742]
  orientation:    [0.996136, 0.079409, 0.00298125, -0.0373972]
  distance:       0.453325
- lower_bound:    [-0.431147, -0.00264564, 0.329222]
  upper_bound:    [-0.923736, -0.0840687, 0.3231]
  orientation:    [-0.0871222, 0.995491, 0.0373724, 0.00327085]
  distance:       0.499311