minusZ : 
- lower_bound:    [-0.417554, 0.34763, 0.383668]
  upper_bound:    [-0.40528, 0.0276441, 0.32571]
  orientation:    [0.717459, -0.690838, -0.0634221, -0.0630359]
  distance:       0.325424
- lower_bound:    [-0.405314, 0.0285223, 0.326066]
  upper_bound:    [-0.417476, 0.345572, 0.383491]
  orientation:    [0.690636, 0.717653, 0.0630319, -0.0634238]
  distance:       0.322438

plusX :
- lower_bound:    [-0.419745, 0.0269954, 0.326251]
  upper_bound:    [-0.431929, 0.346985, 0.384209]
  orientation:    [0.532467, 0.461658, 0.552804, 0.4447]
  distance:       0.325424
- lower_bound:    [-0.43193, 0.345042, 0.383857]
  upper_bound:    [-0.419746, 0.025052, 0.325899]
  orientation:    [-0.461658, 0.532467, -0.4447, 0.552804]
  distance:       0.325424