plusZ :
- lower_bound:    [-0.00529194, 0.398529, 0.0114065]
  upper_bound:    [-0.10461, 0.398529, 0.0114065]
  orientation:    [1.2789e-09, -0.0375056, 0.999296, -3.40748e-08]
  distance:       0.0993182

minusZ:
- lower_bound:    [-0.0152238, 0.397779, 0.0213786]
  upper_bound:    [-0.10461, 0.397779, 0.0213786]
  orientation:    [-3.40748e-08, 0.999296, 0.0375157, -1.27924e-09]
  distance:       0.0893864