plusY :
- lower_bound:    [-0.507733, 0.00300946, 0.0222819]
  upper_bound:    [-0.568479, -0.00671003, 0.0215511]
  orientation:    [-0.0582586, 0.677931, 0.730818, -0.0540426]
  distance:       0.0615231

minusY :
- lower_bound:    [-0.565295, 0.00442991, 0.0223887]
  upper_bound:    [-0.516487, 0.0130147, 0.0230342]
  orientation:    [0.730346, 0.0592918, 0.0639175, 0.677491]
  distance:       0.0495616