plusZ :
- lower_bound:    [-0.40528, 0.0501718, 0.0261016]
  upper_bound:    [-0.417554, 0.375227, 0.0166446]
  orientation:    [-0.0114453, 0.00906421, 0.720166, 0.693648]
  distance:       0.325424
- lower_bound:    [-0.417476, 0.373165, 0.0165119]
  upper_bound:    [-0.405314, 0.0510932, 0.0258815]
  orientation:    [-0.00904573, -0.0114622, -0.693448, 0.720359]
  distance:       0.322437

plusX :
- lower_bound:    [-0.419745, 0.0476371, 0.0255278]
  upper_bound:    [-0.43193, 0.372695, 0.016071]
  orientation:    [0.483366, 0.516627, 0.501814, 0.497631]
  distance:       0.325424