minusZ :
- lower_bound:    [-0.133369, 0.372403, 0.0134043]
  upper_bound:    [-0.133369, 0.0254559, 0.0234978]
  orientation:    [0.707032, -0.707032, 0.0102825, 0.0102825]
  distance:       0.347094

plusZ :
- lower_bound:    [-0.133369, 0.0375998, 0.0212629]
  upper_bound:    [-0.133369, 0.374634, 0.0114578]
  orientation:    [-0.0102825, 0.0102825, 0.707032, 0.707032]
  distance:       0.337177

minusX : 
- lower_bound:    [-0.128369, 0.372289, 0.0124668]
  upper_bound:    [-0.128369, 0.0323225, 0.0223572]
  orientation:    [0.492676, -0.507217, -0.492677, 0.507219]
  distance:       0.340111