plusZ :
- lower_bound:    [-0.36826, 0.0217158, 0.0181729]
  upper_bound:    [-0.166857, 0.00352595, 0.0168052]
  orientation:    [0.0374642, 0.00197721, -0.0526659, 0.997907]
  distance:       0.202228

minusZ :
- lower_bound:    [-0.364931, 0.0205988, 0.0291199]
  upper_bound:    [-0.164079, 0.00245735, 0.0277559]
  orientation:    [0.99859, -0.0375648, -0.0014103, -0.0374892]
  distance:       0.201674

plusY : 
- lower_bound:    [-0.0136717, -0.0138053, 0.0210176]
  upper_bound:    [-0.365564, 0.0126325, 0.0230054]
  orientation:    [0.0275596, 0.679601, 0.732618, 0.0255651]
  distance:       0.352889