minusZ :
- lower_bound:    [-0.382701, 0.397779, 0.0213787]
  upper_bound:    [-0.154269, 0.397779, 0.0213787]
  orientation:    [0.999296, 3.40748e-08, -1.27928e-09, -0.0375168]
  distance:       0.228432

plusZ :
- lower_bound:    [-0.382701, 0.398529, 0.0114068]
  upper_bound:    [-0.154269, 0.398529, 0.0114068]
  orientation:    [0.0375157, 1.27924e-09, 3.40748e-08, 0.999296]
  distance:       0.228432
- lower_bound:    [-0.280157, 0.398493, 0.0118831]
  upper_bound:    [-0.38151, 0.398515, 0.0115854]
  orientation:    [-0.00147181, -0.0375157, 0.999295, 5.5191e-05]
  distance:       0.101353
  
minusY :
- lower_bound:    [-0.382701, 0.40314, 0.0167676]
  upper_bound:    [-0.0152238, 0.40314, 0.0167676]
  orientation:    [0.733137, 2.49991e-08, 2.31899e-08, 0.680081]
  distance:       0.367477