plusZ :
- lower_bound:    [-0.0134399, -0.010324, 0.0157638]
  upper_bound:    [-0.113866, -0.00125325, 0.0164459]
  orientation:    [0.0014103, -0.0374892, 0.99859, 0.0375648]
  distance:       0.100837