minusY :
- lower_bound:    [-0.795701, -0.0360957, 0.0193415]
  upper_bound:    [-0.61351, -0.00405059, 0.021751]
  orientation:    [0.730345, 0.059292, 0.0639174, 0.677492]
  distance:       0.117141


plusY :
- lower_bound:    [-0.629225, -0.0164295, 0.0208203]
  upper_bound:    [-0.816816, -0.0464444, 0.0185634]
  orientation:    [-0.0582587, 0.67793, 0.730818, -0.0540426]
  distance:       0.184284

plusZ :
- lower_bound:    [-0.923736, -0.0606754, 0.0119779]
  upper_bound:    [-0.431147, 0.0207477, 0.0181001]
  orientation:    [0.0373732, -0.00327072, 0.0871222, 0.995491]
  distance:       0.499311
- lower_bound:    [-0.476896, 0.0143663, 0.0176203]
  upper_bound:    [-0.923927, -0.0607058, 0.0119756]
  orientation:    [-0.0029812, -0.037397, 0.996136, -0.079409]
  distance:       0.453325